8
0.000000 	 0.000000	  0.000000


1.982317	  1.197150	  -0.360604
1.828871	  1.927285	  0.256213
0.514396	  1.728048	  -0.272376
0.193877	  1.655368	  -0.539501
-0.088742	  1.597458	  -0.741295
0.401079	  1.800436	  -0.697855
0.832976	  1.459248	  -0.548502
1.000000	  1.214354	  -0.062706


2.489366	1.549917	0.718571	-0.241862	-0.137063	0.170523	0.042386	0.066646	
0.165736	-0.437344	0.752873	1.368218	1.410993	1.132160	0.989391	0.812890	
-1.614944	0.217719	2.353953	2.071021	0.615844	-0.097833	0.287991	0.717585	
-0.517313	-1.694892	-0.281885	1.674834	2.187930	1.382203	0.424099	0.280920	
